191
4
3

1
1

LVVE_TX_MODE_ON
LVM_MODE_OFF
LVM_MODE_OFF
240
LVM_MODE_ON
0
LVM_MODE_ON
300
LVM_MODE_ON
63
0
8192
2048
0
128
8192
6144
96
8192
6144
2
776
8000
3000
512
256
256
4096
280
8230
4096
512
512
768
150
16384
16384
32767
14000
32
64
64
16800
4096
LVM_MODE_OFF
2549
14
0
8192
8192
2048
40
2048
1568
40
2048
1568
1
776
32
1024
800
32
1024
800
1
776
1
32767
8192
23062
-11398
-2622
4704
8698
8807
4494
835
481
209
6655
7358
-1669
4806
-598
-880
16
655
1024
16
1638
181
10
16384
10000
16000
5000
128
9830
16384
6554
6554
9830
512
12288
10240
400
230
26213
LVM_MODE_OFF
7
16384
256
4096
12055
32442
23170
4096
LVM_MODE_OFF
0
LVM_MODE_ON
64
3153
1217
-702
406
-332
226
-43
-183
224
-134
57
-5
32
-3
-57
21
5
44
0
-12
6
-30
-8
0
14
6
0
8
15
5
0
-9
-6
-8
-6
-6
-5
-2
4
5
9
4
2
-2
-1
-1
0
-1
0
-2
-1
-1
-1
0
1
0
1
0
0
0
0
0
0
0
